constant ii;
ii=I;
constant N0_111,N0_112,N0_211,N0_212 ;
N0_111 = .955575;
N0_112 = .0828541;
N0_211 = .497044;
N0_212 = .173315;
constant N0_121,N0_122,N0_221,N0_222 ;
N0_121 = 1.528764;
N0_122 = 1.189521;
N0_221 = .800617;
N0_222 = .0149639;
g0 = P0_1 + P0_2-1 ;
f0 = ((N0_111 * P3_1 * P1_1+N0_112 * P3_1 * P1_2+N0_211 * P3_2 * P1_1+N0_212 * P3_2 * P1_2)) - ((N0_121 * P3_1 * P1_1+N0_122 * P3_1 * P1_2+N0_221 * P3_2 * P1_1+N0_222 * P3_2 * P1_2)) ;

constant N1_111,N1_112,N1_211,N1_212 ;
N1_111 = .154753;
N1_112 = .377689;
N1_211 = .820682;
N1_212 = .776325;
constant N1_121,N1_122,N1_221,N1_222 ;
N1_121 = .399185;
N1_122 = .916388;
N1_221 = .32962;
N1_222 = .497755;
g1 = P1_1 + P1_2-1 ;
f1 = ((N1_111 * P0_1 * P2_1+N1_112 * P0_1 * P2_2+N1_211 * P0_2 * P2_1+N1_212 * P0_2 * P2_2)) - ((N1_121 * P0_1 * P2_1+N1_122 * P0_1 * P2_2+N1_221 * P0_2 * P2_1+N1_222 * P0_2 * P2_2)) ;

constant N2_111,N2_112,N2_211,N2_212 ;
N2_111 = .977178;
N2_112 = .0485376;
N2_211 = .815149;
N2_212 = .854807;
constant N2_121,N2_122,N2_221,N2_222 ;
N2_121 = .754109;
N2_122 = .702664;
N2_221 = .0803326;
N2_222 = .179449;
g2 = P2_1 + P2_2-1 ;
f2 = ((N2_111 * P1_1 * P3_1+N2_112 * P1_1 * P3_2+N2_211 * P1_2 * P3_1+N2_212 * P1_2 * P3_2)) - ((N2_121 * P1_1 * P3_1+N2_122 * P1_1 * P3_2+N2_221 * P1_2 * P3_1+N2_222 * P1_2 * P3_2)) ;

constant N3_111,N3_112,N3_211,N3_212 ;
N3_111 = .635869;
N3_112 = .183833;
N3_211 = .290009;
N3_212 = .286459;
constant N3_121,N3_122,N3_221,N3_222 ;
N3_121 = .90574911;
N3_122 = .102787;
N3_221 = .7113337;
N3_222 = .9206624;
g3 = P3_1 + P3_2-1 ;
f3 = ((N3_111 * P2_1 * P0_1+N3_112 * P2_1 * P0_2+N3_211 * P2_2 * P0_1+N3_212 * P2_2 * P0_2)) - ((N3_121 * P2_1 * P0_1+N3_122 * P2_1 * P0_2+N3_221 * P2_2 * P0_1+N3_222 * P2_2 * P0_2)) ;

function g0,g1,g2,g3,f0,f1,f2,f3;
